/*--------------------------------*- C++ -*----------------------------------*\
| =========                 |                                                 |
| \\      /  F ield         | OpenFOAM: The Open Source CFD Toolbox           |
|  \\    /   O peration     | Version:  v2012                                 |
|   \\  /    A nd           | Website:  www.openfoam.com                      |
|    \\/     M anipulation  |                                                 |
\*---------------------------------------------------------------------------*/
FoamFile
{
    version     2.0;
    format      ascii;
    class       cellSet;
    location    "1/polyMesh/sets";
    object      highAspectRatioCells;
}
// * * * * * * * * * * * * * * * * * * * * * * * * * * * * * * * * * * * * * //


4746
(
114701
114702
114703
114704
114705
114706
114707
114708
131092
114709
131093
114710
131094
114711
131095
114712
131096
114713
131097
114714
131098
131099
114715
131100
114716
131101
114717
131102
114718
131103
131104
131105
131106
131107
131108
131109
573479
229419
229420
229421
229422
229423
311364
311365
311366
311367
311368
311369
311370
311371
311372
311373
311374
311375
311376
311377
311378
311379
311380
311381
573551
229491
229492
229493
229494
229495
573622
229563
229564
229565
229566
229567
327880
327881
327882
327883
327884
327885
327886
327887
327888
327889
327890
327891
327892
327893
327894
327895
327896
327897
327898
327899
426203
327900
327901
327902
327903
327904
147696
147697
147698
147699
147700
147701
147702
147703
147704
147705
147706
147707
147708
573692
147709
147710
147711
147712
147713
147714
229635
147715
229636
147716
229637
147717
229638
147718
229639
573761
229707
229708
229709
229710
229711
98642
98643
98644
98645
98646
98647
98648
98649
98650
311643
98651
311644
98652
98653
311645
98654
311646
98655
311647
98656
311648
98657
311649
98658
311650
98659
311651
98660
311652
98661
311653
98662
311654
98663
311655
98664
311656
98665
311657
98666
311658
311659
311660
147820
147821
98670
147822
98671
147823
98672
147824
98673
147825
98674
573829
229779
229780
229781
229782
229783
147868
147869
147870
147871
573896
229851
229852
229853
229854
229855
573962
328215
328216
328217
328218
328219
328220
328221
328222
328223
328224
328225
328226
328227
229923
328228
229924
328229
229925
328230
229926
328231
229927
328232
328233
328234
328235
328236
426541
328237
131657
131658
574027
131659
131660
131661
131662
131663
131664
131665
131666
131667
131668
131669
131670
131671
131672
131673
115289
115290
115291
115292
115293
115294
115295
115296
115297
115298
115299
115300
115301
115302
115303
115304
115305
115306
229995
229996
229997
229998
229999
311923
311924
311925
311926
311927
311928
311929
311930
311931
311932
311933
311934
311935
311936
311937
311938
311939
311940
311941
574091
230067
230068
230069
230070
230071
148170
574154
148171
148172
148173
148174
148175
148176
148177
148178
148179
148180
148181
230139
230140
230141
230142
230143
574216
148283
148284
148285
148286
148287
230211
230212
574277
230213
230214
230215
328552
148328
328553
148329
328554
148330
328555
148331
328556
148332
328557
148333
328558
328559
328560
328561
328562
328563
328564
328565
328566
328567
328568
328569
328570
328571
426879
574337
230283
312204
230284
312205
230285
230286
312206
230287
312207
312208
312209
312210
312211
312212
312213
312214
312215
312216
312217
312218
312219
312220
312221
312222
312223
99252
99253
99254
99255
99256
99257
99258
99259
99260
574396
99261
99262
99263
99264
99265
99266
99267
99268
99269
99270
99271
99272
99273
99274
99275
99277
99278
99279
99280
99281
99282
99283
230355
230356
230357
230358
230359
574454
230427
230428
230429
230430
230431
574511
230499
230500
230501
230502
574567
230503
132219
132220
132221
132222
132223
132224
132225
132226
132227
132228
132229
132230
132231
132232
132233
132234
148630
148631
148632
148633
148634
148635
148636
148637
148638
574622
148639
148640
115877
312486
115878
312487
115879
115880
312488
312489
115881
312490
115882
230571
312491
115883
115884
312492
230572
115885
312493
230573
115886
312494
230574
115887
312495
230575
115888
312496
115889
312497
115890
312498
115891
312499
115892
312500
115893
312501
115894
312502
312503
312504
328889
312505
328890
328891
328892
328893
328894
328895
328896
328897
328898
328899
328900
328901
328902
328903
328904
328905
427217
574676
230643
230644
230645
230646
230647
148741
148742
148743
148744
574729
148745
148785
148786
148787
148788
148789
148790
148791
230715
230716
574781
230717
230718
230719
574832
230787
230788
230789
230790
230791
574882
312769
312770
312771
312772
312773
312774
312775
312776
312777
312778
312779
230859
312780
230860
312781
230861
312782
230862
312783
230863
312784
312785
312786
312787
574931
312788
312789
574979
329227
329228
329229
329230
329231
329232
329233
329234
329235
230931
329236
230932
329237
230933
99862
329238
230934
99863
329239
230935
99864
329240
99865
329241
99866
99867
99868
99869
99870
99871
99872
99873
99874
99875
427555
99876
99877
99878
99879
99880
99881
99882
99883
99884
99885
99886
575026
99897
149083
231003
149084
231004
149085
231005
149086
231006
231007
575072
575117
231075
231076
231077
231078
231079
132777
132778
132779
132780
132781
132782
132783
132784
132785
132786
132787
132788
132789
132790
132791
575161
149186
149187
149188
149189
149190
313053
313054
313055
313056
313057
313058
313059
575204
313060
313061
313062
313063
313064
313065
313066
313067
231147
313068
231148
149229
313069
231149
149230
313070
231150
149231
313071
231151
149232
313072
149233
313073
116465
149234
313074
116466
149235
116467
149236
116468
116469
116470
116471
116472
116473
116474
116475
116476
116477
116478
116479
116480
116481
116482
575246
231219
231220
231221
231222
575287
231223
329567
575327
329568
329569
329570
329571
329572
329573
329574
329575
329576
329577
427893
231291
231292
231293
231294
231295
575366
575404
231363
231364
231365
231366
231367
575441
575477
313338
313339
313340
313341
313342
313343
313344
313345
313346
313347
313348
313349
313350
313351
313352
313353
313354
313355
231435
313356
231436
313357
231437
313358
231438
313359
231439
575512
149529
149530
149531
575546
231507
231508
231509
231510
231511
575579
100466
100467
100468
100469
100470
100471
100472
100473
100474
575611
100475
100476
100477
100478
100479
149631
100480
149632
100481
149633
100482
149634
100483
100484
100485
100486
100487
100497
100498
575642
231579
231580
231581
231582
231583
149672
149673
149674
149675
149676
149677
149678
149679
149680
329909
329910
329911
575672
428231
575701
133334
133335
133336
133337
133338
133339
133340
133341
133342
133343
133344
133345
133346
133347
231651
231652
231653
231654
231655
575729
575756
313624
313625
313626
313627
313628
313629
313630
313631
313632
313633
313634
313635
313636
313637
575782
313638
313639
313640
313641
313642
313643
231723
313644
231724
313645
231725
313646
231726
231727
117053
117054
575807
117055
117056
117057
117058
117059
117060
117061
117062
117063
117064
117065
117066
117067
117068
117069
117070
575831
575854
231795
231796
231797
231798
231799
575876
575897
575917
231867
231868
231869
231870
231871
575936
149965
149966
575954
575971
575987
576002
231939
231940
231941
231942
231943
576016
428569
576029
576041
150065
150066
150067
576052
150068
313911
313912
313913
313914
313915
313916
313917
576062
313918
313919
313920
313921
313922
313923
313924
313925
313926
313927
576071
313928
313929
313930
313931
232011
232012
313932
232013
313933
232014
313934
232015
576079
576086
150105
150106
150107
150108
576092
150109
150110
150111
150112
150113
576097
150114
576101
576104
576106
232083
232084
232085
232086
232087
101068
101069
101070
101071
101072
101073
101074
101075
101076
101077
101078
101079
101080
101081
101082
232155
101083
232156
101084
232157
101085
232158
101086
232159
101087
101088
101096
101097
101098
101099
133889
133890
133891
133892
133893
133894
133895
133896
133897
133898
133899
133900
133901
232227
232228
232229
232230
232231
314199
314200
314201
314202
314203
314204
314205
314206
314207
314208
314209
314210
314211
314212
314213
314214
314215
314216
314217
314218
232299
314219
428907
232300
314220
232301
314221
232302
314222
232303
150401
117640
117641
117642
117643
117644
117645
117646
117647
117648
117649
117650
117651
117652
117653
117654
117655
117656
117657
117658
232371
232372
232373
232374
232375
150499
150500
150501
150502
232443
232444
232445
232446
232447
150537
150538
150539
150540
150541
150542
150543
150544
150545
150546
150547
150548
232515
232516
232517
232518
232519
314488
314489
314490
314491
314492
314493
314494
314495
314496
314497
314498
314499
314500
314501
314502
314503
314504
314505
314506
232587
314507
232588
314508
232589
314509
232590
314510
232591
314511
314512
429245
232659
232660
232661
232662
232663
232731
232732
232733
232734
232735
101670
101671
101672
101673
101674
101675
134443
134444
101676
134445
101677
134446
101678
134447
101679
134448
101680
134449
101681
101682
134450
101683
134451
101684
134452
101685
134453
101686
134454
101687
101688
101689
101696
101697
101698
101699
101700
232803
232804
232805
232806
232807
150930
150931
150932
314778
314779
314780
314781
314782
314783
314784
314785
314786
314787
314788
314789
314790
314791
314792
314793
314794
232875
314795
232876
314796
232877
314797
232878
314798
232879
314799
314800
314801
314802
314803
150967
150968
150969
150970
150971
150972
150973
150974
150975
150976
150977
118228
118229
118230
118231
118232
118233
118234
118235
118236
118237
118238
118239
118240
118241
118242
118243
118244
118245
118246
232947
232948
232949
232950
232951
429583
233019
233020
233021
233022
233023
233091
233092
233093
233094
233095
315069
315070
315071
315072
315073
315074
315075
315076
315077
315078
315079
315080
315081
315082
233163
315083
233164
315084
233165
315085
233166
315086
233167
315087
315088
315089
315090
315091
315092
315093
315094
233235
233236
233237
233238
233239
151357
151358
151359
134990
134991
134992
134993
134994
134995
134996
134997
134998
134999
135000
233307
233308
233309
233310
233311
151393
429921
151394
151395
151396
151397
151398
151399
151400
151401
151402
151403
102272
102273
102274
102275
102276
102277
102278
102279
102280
102281
102282
102288
102289
102290
102291
102292
102293
233379
233380
233381
233382
233383
315361
315362
315363
315364
315365
315366
315367
315368
315369
315370
233451
315371
233452
315372
233453
315373
233454
315374
233455
315375
315376
315377
315378
315379
315380
315381
315382
315383
315384
315385
315386
315387
118816
118817
118818
118819
118820
118821
118822
118823
118824
118825
118826
118827
118828
118829
118830
118831
118832
118833
118834
233523
233524
233525
233526
233527
233595
233596
233597
233598
233599
430259
233667
233668
233669
233670
233671
151780
151781
151782
315654
151814
315655
151815
151816
315656
151817
315657
151818
315658
233739
151819
315659
233740
151820
315660
233741
151821
315661
233742
151822
315662
233743
151823
315663
151824
315664
151825
315665
315666
315667
315668
315669
315670
315671
315672
315673
315674
315675
315676
315677
315678
315679
315680
315681
233811
233812
233813
233814
233815
135540
135541
135542
135543
135544
135545
135546
135547
135548
135549
233883
233884
233885
233886
233887
102866
102867
102868
102869
102870
102871
102872
102873
102874
102875
102880
102881
102882
102883
233955
102884
233956
102885
233957
102886
233958
233959
430597
234027
315948
234028
315949
234029
234030
315950
234031
315951
315952
315953
315954
315955
315956
315957
315958
315959
315960
315961
315962
315963
315964
315965
315966
315967
315968
315969
315970
315971
315972
315973
315974
315975
119404
119405
119406
119407
119408
119409
119410
234099
119411
119412
234100
119413
234101
119414
234102
119415
234103
119416
119417
119418
119419
119420
119421
119422
152201
152202
152232
152233
152234
152235
152236
152237
152238
152239
152240
152241
152242
152243
152244
234171
234172
234173
234174
234175
234243
234244
234245
234246
234247
234315
234316
234317
234318
234319
316243
316244
316245
316246
430935
316247
316248
316249
316250
316251
316252
316253
316254
316255
316256
316257
316258
316259
316260
316261
316262
316263
316264
316265
316266
316267
316268
316269
316270
316271
136083
234387
136084
234388
136085
234389
136086
234390
136087
234391
136088
136089
136090
136091
234459
234460
234461
234462
234463
234531
103460
234532
103461
234533
103462
234534
103463
234535
103464
103465
152620
103468
152621
103469
103470
103471
103472
103473
103474
103475
103476
152650
152651
152652
152653
152654
152655
152656
152657
152658
152659
152660
152661
234603
234604
234605
234606
234607
316539
316540
316541
316542
316543
316544
316545
316546
316547
316548
316549
316550
316551
316552
316553
316554
316555
316556
316557
316558
316559
316560
316561
316562
316563
316564
316565
316566
316567
431273
234675
234676
234677
234678
234679
119992
119993
119994
119995
119996
119997
119998
119999
120000
120001
120002
120003
120004
120005
120006
120007
120008
120009
120010
234747
234748
234749
234750
234751
234819
234820
234821
234822
234823
234891
234892
234893
234894
234895
316836
316837
316838
316839
316840
316841
316842
316843
316844
316845
316846
316847
316848
316849
136626
316850
136627
316851
136628
316852
136629
316853
136630
316854
136631
316855
136632
316856
136633
316857
316858
316859
316860
316861
316862
316863
316864
316865
153032
153033
234963
234964
234965
234966
234967
153062
153063
153064
153065
153066
153067
153068
153069
153070
153071
431611
235035
235036
235037
235038
235039
235107
235108
235109
235110
235111
104051
104052
104053
104054
104055
104057
104058
104059
104060
104061
104062
104063
104064
104065
104066
235179
235180
235181
235182
235183
317134
317135
317136
317137
317138
317139
317140
317141
317142
317143
317144
317145
317146
317147
317148
317149
317150
317151
317152
317153
317154
317155
317156
317157
317158
317159
317160
317161
317162
317163
235251
235252
235253
235254
235255
120580
120581
120582
120583
120584
120585
120586
120587
120588
120589
120590
120591
120592
120593
120594
120595
120596
120597
120598
235323
235324
235325
235326
235327
431949
153443
153471
153472
153473
153474
235395
153475
235396
153476
235397
153477
235398
153478
235399
153479
153480
137161
137162
137163
235467
137164
235468
137165
235469
137166
235470
137167
235471
317433
317434
317435
317436
317437
317438
317439
317440
317441
317442
317443
317444
317445
317446
317447
317448
317449
317450
317451
317452
317453
317454
317455
317456
317457
317458
317459
235539
317460
235540
317461
235541
317462
235542
317463
235543
235611
235612
235613
235614
235615
432287
235683
235684
235685
235686
235687
104642
104643
104644
104645
104646
104647
104648
104649
104650
104651
104652
104653
104654
104655
104656
235755
235756
235757
235758
235759
153848
104706
153875
153876
153877
153878
153879
153880
153881
153882
153883
153884
317733
317734
317735
317736
317737
317738
317739
317740
317741
317742
317743
317744
317745
317746
235827
317747
235828
317748
235829
317749
235830
317750
235831
317751
317752
317753
317754
317755
317756
317757
317758
317759
317760
317761
317762
317763
121168
121169
121170
121171
121172
121173
121174
121175
121176
121177
121178
121179
121180
121181
121182
121183
121184
121185
121186
235899
235900
235901
235902
235903
235971
235972
235973
235974
235975
137697
137698
137699
137700
137701
137702
432625
236043
236044
236045
236046
236047
318034
318035
236115
236116
318036
236117
318037
236118
318038
236119
318039
318040
318041
318042
318043
318044
318045
318046
318047
318048
318049
318050
318051
318052
318053
318054
318055
318056
318057
318058
318059
318060
318061
318062
318063
318064
318065
154253
236187
236188
236189
236190
236191
154279
154280
154281
154282
154283
154284
154285
154286
154287
236259
236260
236261
236262
236263
105233
105234
105235
105236
105237
105238
105239
105240
105241
105242
105243
105244
105245
105246
236331
236332
236333
236334
236335
432963
105294
105295
105296
236403
236404
236405
236406
236407
318336
318337
318338
318339
318340
318341
318342
318343
318344
318345
318346
318347
318348
318349
318350
318351
318352
318353
318354
318355
318356
318357
318358
318359
318360
318361
318362
318363
318364
318365
318366
121758
318367
121759
121760
121761
121762
121763
121764
121765
121766
121767
121768
121769
121770
121771
121772
121773
121774
121775
121776
236475
236476
236477
236478
236479
138224
138225
138226
138227
138228
236547
236548
236549
236550
236551
154678
154679
154680
154681
154682
154683
154684
154685
154686
236619
236620
236621
236622
236623
236691
236692
236693
433301
236694
236695
318639
318640
318641
318642
318643
318644
318645
318646
318647
318648
318649
318650
318651
318652
318653
318654
318655
318656
318657
318658
318659
318660
318661
318662
318663
318664
318665
318666
318667
318668
318669
318670
318671
236763
236764
236765
236766
236767
236835
236836
236837
236838
105824
105825
105826
105827
105828
105829
105830
105831
105832
105833
105834
105835
236907
105836
236908
236909
236910
105883
105884
105885
105886
236979
236980
236981
155077
155078
155079
155080
155081
318943
318944
318945
318946
318947
318948
318949
318950
433639
318951
318952
318953
318954
318955
122347
318956
122348
318957
122349
318958
122350
318959
122351
318960
122352
318961
122353
318962
122354
318963
122355
122356
318964
122357
318965
122358
318966
122359
318967
122360
318968
122361
318969
122362
318970
122363
318971
237051
318972
122364
237052
318973
122365
237053
318974
122366
318975
138752
138753
138754
138755
237123
237124
237195
237196
237267
319248
319249
319250
319251
319252
319253
319254
319255
319256
319257
319258
237339
319259
319260
319261
319262
319263
319264
319265
319266
319267
319268
319269
319270
319271
319272
319273
319274
319275
319276
319277
319278
319279
319280
319281
433977
155471
155472
155473
155474
155475
106415
106416
106417
106418
106419
106420
106421
106422
106423
106424
106425
106426
106472
106473
106474
106475
106476
139275
139276
139277
122937
122938
122939
122940
122941
122942
122943
122944
122945
122946
319554
319555
122947
122948
319556
122949
319557
122950
319558
122951
319559
122952
319560
122953
319561
122954
319562
122955
319563
122956
319564
319565
319566
319567
319568
319569
319570
319571
319572
319573
319574
319575
319576
319577
319578
319579
319580
319581
319582
319583
319584
319585
319586
319587
319588
155860
155861
155862
155863
155864
319861
319862
319863
319864
319865
319866
319867
319868
319869
319870
319871
319872
319873
319874
319875
319876
319877
319878
319879
319880
319881
319882
319883
319884
319885
319886
319887
319888
319889
319890
319891
319892
319893
319894
319895
107006
107007
107008
107009
107010
107011
107012
107013
107014
107015
139796
139797
107060
107061
107062
107063
107064
107065
156247
156248
156249
123527
123528
123529
123530
123531
123532
123533
123534
123535
123536
123537
123538
123539
123540
123541
123542
123543
123544
123545
123546
320169
320170
320171
320172
320173
320174
320175
320176
320177
320178
320179
320180
320181
320182
320183
320184
320185
320186
320187
320188
320189
320190
320191
320192
320193
320194
320195
320196
320197
320198
320199
320200
320201
320202
320203
320204
156628
156629
156630
320478
320479
320480
320481
320482
320483
320484
320485
320486
320487
320488
320489
320490
320491
320492
320493
320494
320495
320496
320497
320498
320499
320500
320501
320502
320503
320504
320505
320506
320507
320508
320509
320510
320511
320512
320513
140314
107596
107597
107598
107599
107600
107601
107602
107603
107604
107647
107648
107649
107650
107651
107652
107653
107654
124117
124118
124119
124120
124121
124122
124123
124124
124125
124126
124127
124128
124129
124130
124131
124132
124133
124134
124135
124136
320788
320789
320790
320791
320792
320793
320794
320795
320796
320797
320798
320799
320800
320801
320802
320803
320804
320805
320806
320807
320808
320809
320810
320811
320812
320813
320814
320815
320816
320817
320818
320819
320820
320821
320822
320823
320824
157007
157008
157009
304714
321099
321100
321101
321102
321103
321104
321105
321106
321107
321108
321109
321110
321111
321112
321113
321114
321115
321116
321117
321118
321119
321120
321121
321122
321123
321124
321125
321126
321127
321128
321129
321130
321131
321132
321133
321134
321135
108186
108187
108188
108189
108190
108191
108192
108193
157386
157387
108235
108236
108237
108238
108239
108240
108241
108242
108243
124705
124706
124707
124708
124709
124710
124711
124712
124713
124714
124715
124716
124717
124718
124719
124720
124721
124722
124723
124724
304968
321411
321412
321413
321414
321415
321416
321417
321418
321419
321420
321421
321422
321423
321424
321425
321426
321427
321428
321429
321430
321431
321432
321433
321434
321435
321436
321437
321438
321439
321440
321441
321442
321443
321444
321445
321446
321447
321448
157761
157762
305223
305224
321724
321725
321726
321727
321728
321729
321730
321731
321732
321733
321734
321735
321736
321737
321738
321739
321740
321741
321742
321743
321744
321745
321746
321747
321748
321749
321750
321751
321752
321753
321754
321755
321756
321757
321758
321759
321760
321761
108776
108777
108778
108779
108780
108781
108782
108823
108824
108825
108826
108827
108828
108829
108830
108831
108832
305479
305480
92489
305481
125294
125295
125296
125297
125298
125299
125300
125301
125302
125303
125304
125305
125306
125307
125308
125309
125310
125311
125312
125313
158135
158136
322038
322039
322040
322041
322042
322043
322044
322045
322046
322047
322048
322049
322050
322051
322052
322053
322054
322055
322056
322057
322058
322059
322060
322061
322062
322063
322064
322065
322066
322067
322068
322069
322070
322071
322072
322073
322074
322075
322076
305736
305737
305738
158510
322353
322354
322355
322356
322357
109366
322358
109367
322359
109368
322360
109369
322361
109370
322362
109371
322363
322364
322365
322366
322367
322368
322369
322370
322371
322372
322373
322374
322375
322376
322377
305994
322378
305995
322379
322380
305996
322381
305997
322382
322383
322384
322385
322386
322387
322388
322389
322390
322391
109411
109412
109413
109414
109415
109416
109417
109418
109419
109420
109421
125880
125881
125882
125883
125884
125885
125886
125887
125888
125889
93121
125890
125891
125892
125893
125894
125895
125896
125897
125898
125899
306253
306254
306255
306256
306257
322669
322670
322671
322672
322673
322674
322675
322676
322677
322678
322679
322680
322681
322682
322683
322684
322685
322686
322687
322688
322689
322690
322691
322692
322693
322694
322695
322696
322697
322698
322699
322700
322701
322702
322703
322704
322705
322706
322707
322708
158883
306513
306514
306515
306516
306517
109956
109957
109958
109959
109960
322986
322987
322988
322989
322990
322991
109999
322992
110000
322993
110001
322994
110002
322995
110003
110004
322996
110005
322997
110006
322998
110007
322999
110008
323000
110009
323001
110010
323002
323003
323004
323005
323006
323007
323008
323009
323010
323011
323012
323013
323014
323015
323016
323017
323018
323019
323020
323021
323022
323023
323024
323025
126466
126467
126468
126469
126470
126471
126472
126473
126474
126475
126476
126477
126478
126479
126480
126481
126482
126483
126484
126485
159254
93745
306774
306775
306776
306777
306778
306779
323304
323305
323306
323307
323308
323309
323310
323311
323312
323313
323314
323315
323316
323317
323318
323319
323320
323321
323322
323323
323324
323325
323326
323327
323328
323329
323330
323331
323332
323333
323334
323335
323336
323337
323338
323339
323340
323341
323342
323343
307036
307037
307038
307039
307040
307041
307042
110546
110547
110548
110549
110586
110587
110588
110589
110590
110591
110592
143360
110593
143361
110594
110595
110596
110597
110598
110599
323623
323624
323625
323626
323627
323628
323629
323630
323631
323632
323633
323634
323635
323636
323637
323638
323639
323640
323641
323642
323643
323644
323645
323646
323647
323648
323649
323650
323651
323652
323653
323654
323655
323656
323657
323658
127050
323659
127051
323660
127052
323661
127053
323662
127054
323663
127055
127056
127057
127058
127059
127060
127061
127062
127063
127064
127065
127066
127067
127068
127069
307299
307300
307301
307302
307303
307304
307305
94362
94363
94364
94377
94378
225541
225609
225610
323943
323944
323945
323946
307563
323947
307564
323948
323949
307565
323950
307566
323951
307567
323952
307568
323953
307569
323954
307570
323955
323956
323957
323958
323959
323960
323961
323962
323963
323964
323965
323966
323967
323968
323969
323970
323971
323972
323973
323974
323975
323976
323977
323978
323979
323980
323981
323982
225678
323983
225679
225680
225748
225749
225750
225751
143850
143851
143852
143853
143854
143855
143856
143857
225819
225820
225821
225822
225823
111136
111137
111138
111174
111175
111176
111177
111178
111179
111180
111181
111182
111183
111184
111185
111186
111187
111188
225891
225892
225893
225894
225895
307828
307829
307830
307831
307832
307833
307834
307835
307836
127636
127637
127638
127639
127640
127641
127642
127643
127644
127645
127646
127647
127648
127649
127650
127651
127652
127653
127654
127655
324264
324265
324266
225963
324267
225964
324268
225965
324269
225966
324270
225967
324271
324272
324273
324274
324275
324276
324277
324278
324279
324280
324281
324282
324283
324284
324285
324286
324287
324288
324289
324290
324291
324292
324293
324294
324295
324296
324297
324298
324299
324300
324301
324302
324303
324304
324305
226035
226036
226037
226038
226039
94980
94981
94987
94988
94989
226107
226108
226109
226110
226111
308094
308095
308096
308097
308098
226179
308099
226180
308100
226181
308101
226182
308102
226183
308103
226251
226252
226253
144334
226254
144335
226255
144336
144337
144338
144339
144340
144341
144342
144343
144344
144345
144346
144347
144348
144349
144350
144351
144352
144353
324587
324588
324589
324590
324591
324592
324593
324594
324595
324596
324597
324598
324599
324600
324601
324602
324603
324604
324605
324606
324607
324608
324609
324610
324611
324612
324613
324614
324615
324616
324617
324618
324619
324620
324621
324622
324623
324624
324625
324626
324627
226323
226324
226325
226326
226327
226395
226396
226397
226398
226399
111726
111727
308361
308362
308363
308364
308365
308366
308367
308368
308369
308370
111762
111763
111764
111765
111766
111767
111768
111769
111770
111771
111772
111773
111774
111775
111776
111777
226467
226468
226469
226470
226471
128217
128218
128219
128220
128221
128222
128223
128224
128225
128226
128227
128228
128229
128230
128231
128232
128233
128234
128235
226539
128236
226540
226541
226542
226543
324912
324913
324914
226611
324915
226612
324916
226613
324917
226614
324918
226615
324919
324920
324921
324922
324923
324924
324925
324926
324927
324928
324929
324930
324931
324932
324933
324934
324935
324936
324937
324938
324939
324940
324941
324942
324943
324944
324945
324946
324947
324948
324949
324950
95596
95597
95598
226683
226684
226685
226686
226687
308629
308630
308631
308632
308633
308634
308635
308636
308637
308638
308639
144825
144826
144827
144828
144829
144830
144831
144832
144833
144834
144835
226755
144836
226756
144837
226757
144838
226758
144839
226759
144840
144841
144842
144843
144844
226827
226828
226829
226830
226831
144951
226899
226900
226901
226902
226903
325238
325239
325240
325241
325242
325243
325244
325245
325246
325247
325248
325249
325250
325251
325252
325253
325254
325255
325256
325257
325258
325259
325260
325261
325262
325263
325264
325265
325266
325267
325268
325269
325270
325271
325272
325273
325274
325275
226971
226972
226973
226974
226975
308898
308899
308900
308901
308902
308903
308904
308905
308906
308907
308908
308909
112316
112350
112351
112352
112353
112354
227043
112355
112356
227044
112357
227045
112358
227046
112359
227047
112360
112361
112362
112363
112364
112365
112366
128795
128796
128797
128798
128799
128800
128801
128802
128803
128804
128805
128806
128807
128808
128809
128810
128811
227115
128812
227116
128813
227117
128814
227118
227119
227187
227188
227189
227190
227191
145313
145314
145315
145316
145317
145318
145319
145320
145321
145322
145323
145324
145325
145326
145327
145328
309168
309169
145329
145330
309170
309171
145331
309172
145332
309173
145333
309174
309175
309176
309177
309178
227259
309179
227260
325564
227261
325565
227262
325566
227263
325567
325568
325569
325570
325571
325572
325573
325574
325575
325576
325577
325578
325579
96204
325580
96205
325581
96206
325582
96207
325583
325584
325585
325586
325587
325588
325589
325590
325591
96216
325592
96217
325593
96218
325594
96219
325595
325596
325597
325598
325599
325600
227331
227332
227333
227334
227335
145439
145440
227403
227404
227405
227406
227407
227475
227476
227477
227478
227479
309439
309440
309441
309442
309443
309444
309445
309446
309447
309448
309449
309450
309451
227547
227548
227549
227550
227551
325892
325893
325894
325895
325896
325897
325898
325899
325900
325901
325902
325903
325904
325905
325906
325907
325908
325909
325910
325911
325912
325913
325914
325915
325916
325917
325918
325919
325920
325921
325922
325923
227619
325924
227620
325925
227621
325926
227622
227623
112938
112939
112940
112941
112942
112943
112944
112945
112946
112947
112948
112949
112950
112951
112952
112953
112954
129370
129371
129372
129373
129374
129375
129376
129377
129378
129379
129380
129381
129382
129383
129384
129385
129386
129387
227691
129388
227692
129389
227693
129390
227694
227695
145794
145795
145796
145797
145798
145799
145800
145801
145802
145803
145804
145805
145806
145807
145808
145809
145810
145811
145812
145813
145814
145815
227763
227764
227765
227766
227767
309711
309712
309713
309714
309715
309716
309717
309718
309719
309720
309721
309722
309723
309724
227835
227836
227837
227838
227839
145920
145921
145922
96813
96814
96815
96816
96818
96820
96824
96825
96826
96827
96828
96835
227907
96836
227908
96837
227909
96838
227910
227911
326221
326222
326223
326224
326225
326226
326227
326228
326229
326230
326231
326232
326233
326234
326235
326236
326237
326238
326239
326240
326241
326242
326243
326244
326245
326246
326247
326248
326249
326250
326251
326252
326253
227979
227980
227981
227982
227983
228051
228052
228053
228054
228055
309984
309985
309986
309987
309988
309989
309990
309991
309992
309993
309994
309995
309996
309997
228123
228124
228125
228126
228127
146273
146274
146275
228195
146276
228196
146277
228197
146278
228198
146279
228199
146280
146281
146282
146283
146284
146285
146286
146287
146288
146289
146290
146291
146292
146293
113526
146294
113527
146295
113528
113529
113530
113531
113532
113533
113534
113535
113536
113537
113538
113539
113540
113541
113542
326551
326552
326553
326554
129946
326555
129947
326556
129948
326557
129949
326558
129950
326559
129951
326560
129952
326561
129953
326562
129954
129955
326563
129956
326564
129957
326565
129958
326566
129959
326567
129960
326568
326569
129961
326570
129962
326571
129963
228267
326572
129964
228268
129965
326573
228269
326574
228270
326575
228271
326576
326577
326578
326579
326580
326581
326582
146400
146401
146402
310258
310259
228339
228340
310260
228341
310261
228342
310262
228343
310263
310264
310265
310266
310267
310268
310269
310270
310271
310272
146448
228411
228412
228413
228414
228415
228483
228484
228485
228486
228487
97422
97423
97424
97425
97426
97427
97428
97429
97430
97432
97433
97434
97435
97436
97437
97438
97439
97440
97441
97442
97443
97444
97445
97446
97447
97448
97454
97455
97456
228555
228556
228557
228558
228559
326881
326882
326883
326884
425189
326885
326886
326887
326888
326889
326890
326891
326892
326893
326894
326895
326896
326897
326898
326899
326900
326901
326902
326903
326904
326905
326906
326907
326908
326909
326910
326911
310533
310534
310535
310536
310537
310538
310539
310540
310541
310542
310543
310544
310545
310546
310547
228627
310548
228628
228629
228630
228631
146747
146748
146749
146750
146751
146752
146753
146754
146755
146756
146757
146758
146759
146760
146761
146762
146763
146764
146765
146766
146767
146768
146769
228699
228700
228701
228702
228703
572786
228771
228772
228773
228774
228775
146873
146874
146875
146876
114113
114114
572867
114115
114116
114117
114118
114119
114120
114121
114122
114123
114124
114125
114126
114127
114128
114129
114130
130519
130520
130521
130522
130523
130524
130525
130526
130527
130528
130529
130530
130531
130532
130533
130534
130535
130536
130537
146921
146922
228843
228844
228845
228846
228847
572947
310809
310810
310811
310812
310813
310814
310815
310816
310817
310818
310819
310820
310821
310822
310823
310824
327213
327214
327215
327216
327217
327218
327219
228915
327220
228916
327221
228917
327222
228918
327223
425527
228919
327224
327225
327226
327227
327228
327229
327230
327231
327232
327233
327234
327235
327236
327237
327238
327239
327240
327241
573026
228987
228988
228989
228990
228991
573104
229059
229060
229061
229062
229063
98032
98033
98034
98035
98036
98037
98038
98039
98040
98041
98042
98043
98044
98045
573181
98046
98047
98048
98049
98050
98051
98052
98053
98054
98055
98056
98057
229131
229132
229133
98062
229134
98063
229135
98064
98065
147222
147223
147224
147225
147226
147227
147228
147229
147230
147231
147232
147233
147234
147235
147236
147237
147238
147239
147240
147241
147242
147243
147244
311086
311087
311088
311089
311090
311091
311092
311093
311094
311095
311096
311097
311098
311099
311100
311101
311102
573257
229203
229204
229205
229206
229207
327546
327547
327548
327549
327550
327551
327552
327553
327554
327555
327556
327557
327558
327559
327560
327561
425865
327562
327563
327564
327565
327566
327567
327568
327569
327570
327571
147347
573332
327572
147348
147349
147350
147351
229275
229276
229277
229278
229279
147395
147396
147397
573406
229347
229348
229349
229350
229351
)


// ************************************************************************* //
